134.7449 33.4085
134.8641 33.3393
134.7691 33.249
134.6724 33.3205
135.0667 33.3222
135.1698 33.2252
135.0964 33.1755
134.9869 33.275
135.4585 33.228
135.5249 33.1251
135.4121 33.0837
135.3414 33.1752
135.7557 33.1594
135.8584 33.1359
135.9586 33.142
135.8401 33.0299
135.7144 33.0915
135.7747 32.927
135.8336 32.892
135.7733 32.8017
135.667 32.8603
135.225 32.988
135.3082 32.8827
135.1916 32.8545
135.1538 32.8919
134.5167 32.7615
134.5996 32.7089
134.5164 32.6251
134.4334 32.6752
134.2661 32.7687
134.3346 32.4154
134.274 32.1712
133.9599 32.0348
133.6553 31.7849
133.3376 31.5924
133.1083 31.5061
132.7613 31.288
132.324 31.1387
131.913 31.1019
132.0465 31.3942
132.4506 31.5881
132.8114 31.7433
133.0367 31.9701
132.7916 32.1818
132.5561 31.9429
132.4602 31.7484
131.7281 31.3256
134.331 33.277
134.2809 33.0371
134.0795 32.8219
133.6611 32.9192
133.7211 32.5604
134.0502 32.4456
133.956 32.2196
133.7177 32.1551
133.3759 31.9977
133.2199 32.149
133.4332 32.4758
133.1779 32.3797
132.8255 32.3314
132.5221 32.452
132.2392 32.3444
132.1595 31.9702
132.0585 31.7707
131.7726 31.6569
